xof 0303txt 0032

template XSkinMeshHeader {
  <3cf169ce-ff7c-44ab-93c0-f78f62d172e2>
  WORD nMaxSkinWeightsPerVertex;
  WORD nMaxSkinWeightsPerFace;
  WORD nBones;
}

template SkinWeights {
  <6f0d123b-bad2-4167-a0d0-80224f25fabb>
  STRING transformNodeName;
  DWORD nWeights;
  array DWORD vertexIndices[nWeights];
  array float weights[nWeights];
  Matrix4x4 matrixOffset;
}

Frame Root {
  FrameTransformMatrix {
     1.000000, 0.000000, 0.000000, 0.000000,
     0.000000,-0.000000, 1.000000, 0.000000,
     0.000000, 1.000000, 0.000000, 0.000000,
     0.000000, 0.000000, 0.000000, 1.000000;;
  }
  Frame ref_body_01_skeleton {
    FrameTransformMatrix {
       1.000000, 0.000000, 0.000000, 0.000000,
       0.000000, 1.000000, 0.000000, 0.000000,
       0.000000, 0.000000, 1.000000, 0.000000,
       0.000000, 0.000000, 0.000000, 1.000000;;
    }
    Frame ref_body_01_skeleton_LrigPelvis {
      FrameTransformMatrix {
         0.000001,-0.999512,-0.031235, 0.000000,
        -0.000000, 0.031235,-0.999512, 0.000000,
         1.000000, 0.000001,-0.000000, 0.000000,
        -0.000008, 7.942365,67.036255, 1.000000;;
      }
      Frame ref_body_01_skeleton_LrigSpine1 {
        FrameTransformMatrix {
          -0.143501,-0.989650,-0.000007, 0.000000,
           0.989650,-0.143501,-0.000002, 0.000000,
           0.000001,-0.000007, 1.000000, 0.000000,
          -0.000001, 0.000000, 0.000000, 1.000000;;
        }
        Frame ref_body_01_skeleton_LrigSpine2 {
          FrameTransformMatrix {
             0.996769,-0.080323, 0.000003, 0.000000,
             0.080323, 0.996769, 0.000000, 0.000000,
            -0.000003,-0.000000, 1.000000, 0.000000,
            -0.000002,12.797678,-0.000000, 1.000000;;
          }
          Frame ref_body_01_skeleton_LrigRibcage {
            FrameTransformMatrix {
              -0.191969, 0.981401, 0.000001, 0.000000,
              -0.981401,-0.191969,-0.000004, 0.000000,
              -0.000004,-0.000002, 1.000000, 0.000000,
              -0.000001,12.797678, 0.000000, 1.000000;;
            }
            Frame ref_body_01_skeleton_LrigNeck1 {
              FrameTransformMatrix {
                -0.864283,-0.501150,-0.043155, 0.000000,
                 0.501946,-0.864848,-0.009384, 0.000000,
                -0.032620,-0.029772, 0.999024, 0.000000,
                 0.000011, 0.000004, 0.000003, 1.000000;;
              }
              Frame ref_body_01_skeleton_LrigNeck2 {
                FrameTransformMatrix {
                  -0.083435, 0.037630, 0.995802, 0.000000,
                   0.509806, 0.860229, 0.010209, 0.000000,
                  -0.856234, 0.508518,-0.090957, 0.000000,
                   0.000003, 9.411016,-0.000000, 1.000000;;
                }
                Frame ref_body_01_skeleton_LrigNeck3 {
                  FrameTransformMatrix {
                    -0.106499, 0.811758,-0.574201, 0.000000,
                     0.038196, 0.580399, 0.813436, 0.000000,
                     0.993579, 0.064698,-0.092818, 0.000000,
                     0.000000, 9.202235, 0.000004, 1.000000;;
                  }
                  Frame ref_body_01_skeleton_LrigScull {
                    FrameTransformMatrix {
                       0.078443, 0.996184, 0.038278, 0.000000,
                      -0.991763, 0.081880,-0.098503, 0.000000,
                      -0.101261,-0.030236, 0.994400, 0.000000,
                      -0.000007, 8.358566,-0.000000, 1.000000;;
                    }
                    Frame ref_body_01_skeleton_LrigScullBone001 {
                      FrameTransformMatrix {
                         0.577539, 0.816277,-0.011842, 0.000000,
                        -0.816139, 0.577659, 0.015067, 0.000000,
                         0.019139, 0.000963, 0.999816, 0.000000,
                        -0.000002,17.686832, 0.000000, 1.000000;;
                      }
                    } // End of ref_body_01_skeleton_LrigScullBone001
                  } // End of ref_body_01_skeleton_LrigScull
                } // End of ref_body_01_skeleton_LrigNeck3
              } // End of ref_body_01_skeleton_LrigNeck2
            } // End of ref_body_01_skeleton_LrigNeck1
            Frame ref_body_01_skeleton_Lrig_LEG_FL_Scapula {
              FrameTransformMatrix {
                 0.991029,-0.019545,-0.132212, 0.000000,
                 0.019768, 0.999804, 0.000377, 0.000000,
                 0.132178,-0.002987, 0.991221, 0.000000,
                -3.228125,-1.216321, 6.529406, 1.000000;;
              }
              Frame ref_body_01_skeleton_Lrig_LEG_FL_Humerus {
                FrameTransformMatrix {
                  -0.833283,-0.513855, 0.203943, 0.000000,
                  -0.537832, 0.838868,-0.083895, 0.000000,
                  -0.127971,-0.179595,-0.975381, 0.000000,
                   0.000000,20.132984, 0.000000, 1.000000;;
                }
                Frame ref_body_01_skeleton_Lrig_LEG_FL_Radius {
                  FrameTransformMatrix {
                     0.231140, 0.461038, 0.856749, 0.000000,
                    -0.546789, 0.789925,-0.277562, 0.000000,
                    -0.804734,-0.404305, 0.434673, 0.000000,
                     0.000001,12.923561,-0.000000, 1.000000;;
                  }
                  Frame ref_body_01_skeleton_Lrig_LEG_FL_Metacarpus {
                    FrameTransformMatrix {
                       0.903667, 0.006799, 0.428182, 0.000000,
                       0.024256, 0.997456,-0.067029, 0.000000,
                      -0.427549, 0.070958, 0.901203, 0.000000,
                      -0.000002,14.823456,-0.000001, 1.000000;;
                    }
                    Frame ref_body_01_skeleton_Lrig_LEG_FL_PhalangesManus {
                      FrameTransformMatrix {
                         0.304836, 0.301659,-0.903370, 0.000000,
                         0.009002, 0.947560, 0.319452, 0.000000,
                         0.952362,-0.105513, 0.286135, 0.000000,
                        -0.000001,14.404100, 0.000000, 1.000000;;
                      }
                      Frame ref_body_01_skeleton_Lrig_LEG_FL_FrontHoof {
                        FrameTransformMatrix {
                           0.226259, 0.534823, 0.814107, 0.000000,
                          -0.930423, 0.366039, 0.018119, 0.000000,
                          -0.288304,-0.761564, 0.580432, 0.000000,
                           0.000000, 8.268225, 0.000000, 1.000000;;
                        }
                      } // End of ref_body_01_skeleton_Lrig_LEG_FL_FrontHoof
                    } // End of ref_body_01_skeleton_Lrig_LEG_FL_PhalangesManus
                  } // End of ref_body_01_skeleton_Lrig_LEG_FL_Metacarpus
                } // End of ref_body_01_skeleton_Lrig_LEG_FL_Radius
              } // End of ref_body_01_skeleton_Lrig_LEG_FL_Humerus
            } // End of ref_body_01_skeleton_Lrig_LEG_FL_Scapula
            Frame ref_body_01_skeleton_Lrig_LEG_FR_Scapula {
              FrameTransformMatrix {
                 0.991028,-0.019546, 0.132221, 0.000000,
                 0.019770, 0.999804,-0.000379, 0.000000,
                -0.132188, 0.002990, 0.991220, 0.000000,
                -3.228149,-1.216317,-6.529402, 1.000000;;
              }
              Frame ref_body_01_skeleton_Lrig_LEG_FR_Humerus {
                FrameTransformMatrix {
                  -0.833354,-0.513722,-0.203987, 0.000000,
                  -0.537746, 0.838892, 0.084198, 0.000000,
                   0.127869, 0.179859,-0.975346, 0.000000,
                  -0.000000,20.133104, 0.000001, 1.000000;;
                }
                Frame ref_body_01_skeleton_Lrig_LEG_FR_Radius {
                  FrameTransformMatrix {
                     0.232122, 0.461822,-0.856061, 0.000000,
                    -0.546597, 0.789927, 0.277933, 0.000000,
                     0.804581, 0.403406, 0.435790, 0.000000,
                     0.000000,12.923558, 0.000000, 1.000000;;
                  }
                  Frame ref_body_01_skeleton_Lrig_LEG_FR_Metacarpus {
                    FrameTransformMatrix {
                       0.907374, 0.005974,-0.420281, 0.000000,
                       0.024310, 0.997479, 0.066663, 0.000000,
                       0.419620,-0.070705, 0.904942, 0.000000,
                      -0.000000,14.823388, 0.000001, 1.000000;;
                    }
                    Frame ref_body_01_skeleton_Lrig_LEG_FR_PhalangesManus {
                      FrameTransformMatrix {
                         0.313956, 0.300825, 0.900520, 0.000000,
                         0.006208, 0.947806,-0.318786, 0.000000,
                        -0.949417, 0.105676, 0.295702, 0.000000,
                        -0.000002,14.402100,-0.000000, 1.000000;;
                      }
                      Frame ref_body_01_skeleton_Lrig_LEG_FR_FrontHoof {
                        FrameTransformMatrix {
                           0.225207, 0.533035,-0.815571, 0.000000,
                          -0.930646, 0.365473,-0.018120, 0.000000,
                           0.288410, 0.763088, 0.578374, 0.000000,
                           0.000000, 8.268230, 0.000001, 1.000000;;
                        }
                      } // End of ref_body_01_skeleton_Lrig_LEG_FR_FrontHoof
                    } // End of ref_body_01_skeleton_Lrig_LEG_FR_PhalangesManus
                  } // End of ref_body_01_skeleton_Lrig_LEG_FR_Metacarpus
                } // End of ref_body_01_skeleton_Lrig_LEG_FR_Radius
              } // End of ref_body_01_skeleton_Lrig_LEG_FR_Humerus
            } // End of ref_body_01_skeleton_Lrig_LEG_FR_Scapula
          } // End of ref_body_01_skeleton_LrigRibcage
        } // End of ref_body_01_skeleton_LrigSpine2
      } // End of ref_body_01_skeleton_LrigSpine1
      Frame ref_body_01_skeleton_LrigTail1 {
        FrameTransformMatrix {
          -0.351775, 0.936085, 0.000001, 0.000000,
          -0.936085,-0.351775, 0.000001, 0.000000,
           0.000002,-0.000001, 1.000000, 0.000000,
          -20.915180,-7.864743, 0.000031, 1.000000;;
        }
        Frame ref_body_01_skeleton_LrigTail2 {
          FrameTransformMatrix {
             0.648504,-0.761211, 0.000000, 0.000000,
             0.761211, 0.648504,-0.000001, 0.000000,
             0.000001, 0.000000, 1.000000, 0.000000,
             0.000002,19.114359, 0.000000, 1.000000;;
          }
          Frame ref_body_01_skeleton_LrigTail3 {
            FrameTransformMatrix {
               0.954818,-0.297191, 0.000000, 0.000000,
               0.297191, 0.954818,-0.000000, 0.000000,
              -0.000000, 0.000000, 1.000000, 0.000000,
              -0.000006,19.114292, 0.000000, 1.000000;;
            }
            Frame ref_body_01_skeleton_LrigTail4 {
              FrameTransformMatrix {
                 0.994023,-0.109175, 0.000000, 0.000000,
                 0.109175, 0.994022, 0.000000, 0.000000,
                -0.000000,-0.000000, 1.000000, 0.000000,
                 0.000000,19.114279, 0.000000, 1.000000;;
              }
              Frame ref_body_01_skeleton_LrigTail5 {
                FrameTransformMatrix {
                   0.998605,-0.052802,-0.000000, 0.000000,
                   0.052803, 0.998605, 0.000000, 0.000000,
                   0.000000,-0.000000, 1.000000, 0.000000,
                   0.000002,21.080341,-0.000000, 1.000000;;
                }
                Frame ref_body_01_skeleton_LrigTail6 {
                  FrameTransformMatrix {
                     0.167908, 0.985803, 0.000000, 0.000000,
                    -0.985803, 0.167908, 0.000001, 0.000000,
                     0.000001,-0.000000, 1.000000, 0.000000,
                    -0.000001,25.333622,-0.000000, 1.000000;;
                  }
                } // End of ref_body_01_skeleton_LrigTail6
              } // End of ref_body_01_skeleton_LrigTail5
            } // End of ref_body_01_skeleton_LrigTail4
          } // End of ref_body_01_skeleton_LrigTail3
        } // End of ref_body_01_skeleton_LrigTail2
      } // End of ref_body_01_skeleton_LrigTail1
      Frame ref_body_01_skeleton_Lrig_LEG_BL_Femur {
        FrameTransformMatrix {
          -0.610700, 0.036947,-0.790999, 0.000000,
          -0.009700, 0.998487, 0.054128, 0.000000,
           0.791802, 0.040729,-0.609418, 0.000000,
          -8.718642, 5.969630, 9.241310, 1.000000;;
        }
        Frame ref_body_01_skeleton_Lrig_LEG_BL_Tibia {
          FrameTransformMatrix {
             0.465761,-0.873314,-0.142789, 0.000000,
             0.712865, 0.465894,-0.524182, 0.000000,
             0.524300, 0.142354, 0.839550, 0.000000,
             0.000001,20.911787, 0.000000, 1.000000;;
          }
          Frame ref_body_01_skeleton_Lrig_LEG_BL_LargeCannon {
            FrameTransformMatrix {
               0.593443, 0.802128,-0.066450, 0.000000,
              -0.802788, 0.595826, 0.022872, 0.000000,
               0.057939, 0.039772, 0.997528, 0.000000,
               0.000004,11.342155,-0.000001, 1.000000;;
            }
            Frame ref_body_01_skeleton_Lrig_LEG_BL_PhalanxPrima {
              FrameTransformMatrix {
                 0.231022, 0.466314,-0.853920, 0.000000,
                -0.698742, 0.690256, 0.187900, 0.000000,
                 0.677044, 0.553261, 0.485297, 0.000000,
                 0.000003,23.406189, 0.000001, 1.000000;;
              }
              Frame ref_body_01_skeleton_Lrig_LEG_BL_RearHoof {
                FrameTransformMatrix {
                   0.259037, 0.861406, 0.436897, 0.000000,
                  -0.397986, 0.507344,-0.764336, 0.000000,
                  -0.880061, 0.024113, 0.474249, 0.000000,
                   0.000000, 8.534353, 0.000001, 1.000000;;
                }
              } // End of ref_body_01_skeleton_Lrig_LEG_BL_RearHoof
            } // End of ref_body_01_skeleton_Lrig_LEG_BL_PhalanxPrima
          } // End of ref_body_01_skeleton_Lrig_LEG_BL_LargeCannon
        } // End of ref_body_01_skeleton_Lrig_LEG_BL_Tibia
      } // End of ref_body_01_skeleton_Lrig_LEG_BL_Femur
      Frame ref_body_01_skeleton_Lrig_LEG_BR_Femur {
        FrameTransformMatrix {
          -0.607869, 0.037006, 0.793175, 0.000000,
          -0.009681, 0.998494,-0.054005, 0.000000,
          -0.793978,-0.040507,-0.606595, 0.000000,
          -8.718650, 5.969646,-9.241274, 1.000000;;
        }
        Frame ref_body_01_skeleton_Lrig_LEG_BR_Tibia {
          FrameTransformMatrix {
             0.465276,-0.873284, 0.144544, 0.000000,
             0.710804, 0.465927, 0.526944, 0.000000,
            -0.527519,-0.142432, 0.837518, 0.000000,
            -0.000000,20.912546, 0.000000, 1.000000;;
          }
          Frame ref_body_01_skeleton_Lrig_LEG_BR_LargeCannon {
            FrameTransformMatrix {
               0.593580, 0.802170, 0.064706, 0.000000,
              -0.802741, 0.595875,-0.023214, 0.000000,
              -0.057178,-0.038163, 0.997634, 0.000000,
               0.000000,11.342138,-0.000001, 1.000000;;
            }
            Frame ref_body_01_skeleton_Lrig_LEG_BR_PhalanxPrima {
              FrameTransformMatrix {
                 0.228386, 0.463825, 0.855983, 0.000000,
                -0.698656, 0.690399,-0.187692, 0.000000,
                -0.678026,-0.555171, 0.481731, 0.000000,
                -0.000001,23.406157,-0.000002, 1.000000;;
              }
              Frame ref_body_01_skeleton_Lrig_LEG_BR_RearHoof {
                FrameTransformMatrix {
                   0.257297, 0.861366,-0.438003, 0.000000,
                  -0.396185, 0.507448, 0.765202, 0.000000,
                   0.881383,-0.023354, 0.471826, 0.000000,
                   0.000003, 8.534355,-0.000000, 1.000000;;
                }
              } // End of ref_body_01_skeleton_Lrig_LEG_BR_RearHoof
            } // End of ref_body_01_skeleton_Lrig_LEG_BR_PhalanxPrima
          } // End of ref_body_01_skeleton_Lrig_LEG_BR_LargeCannon
        } // End of ref_body_01_skeleton_Lrig_LEG_BR_Tibia
      } // End of ref_body_01_skeleton_Lrig_LEG_BR_Femur
    } // End of ref_body_01_skeleton_LrigPelvis
    Frame ref_body_01_skeleton_p_body {
      FrameTransformMatrix {
         1.000000, 0.000000, 0.000000, 0.000000,
         0.000000, 1.000000, 0.000000, 0.000000,
         0.000000, 0.000000, 1.000000, 0.000000,
         0.000000, 0.017016,68.426331, 1.000000;;
      }
    } // End of ref_body_01_skeleton_p_body
    Frame ref_body_01 {
      FrameTransformMatrix {
         1.000000, 0.000000, 0.000000, 0.000000,
         0.000000, 1.000000, 0.000000, 0.000000,
         0.000000, 0.000000, 1.000000, 0.000000,
         0.000000, 0.000000, 0.000000, 1.000000;;
      }
      Mesh { // ref_body_01 mesh
        11772;
         5.813783;-34.481228;82.931358;,
         5.355314;-36.232208;83.111618;,
         4.986203;-35.859818;82.930710;,
        -2.626250;-42.268188;86.574821;,
        -3.701911;-40.110600;86.595459;,
        -3.492724;-40.573811;88.065140;,
         1.601634;-43.871120;86.026131;,
         3.061949;-42.361717;86.046600;,
         3.381647;-42.836868;86.334679;,
         1.835642;-43.286488;83.413651;,
         0.034296;-43.468288;83.257050;,
         0.035075;-40.565258;81.841591;,
         4.292577;-45.264790;87.245331;,
         5.419136;-43.343060;87.607681;,
         4.870314;-45.377777;89.891335;,
         9.845912;-11.512939;39.226097;,
         9.667064;-13.158430;43.360180;,
         7.054175;-13.669510;41.665058;,
         2.811427;14.739759;46.017597;,
         3.983697; 9.962582;45.047100;,
        -0.001464; 9.988401;43.843147;,
         0.038020;-46.627590;93.791557;,
         0.037278;-47.418068;93.205025;,
         3.031148;-46.349049;92.751259;,
        15.567380;-23.299360;108.515594;,
        15.770140;-26.346439;107.167694;,
        17.389759;-22.738110;99.906387;,
        -17.444130;-12.381269;121.767593;,
        -18.287069;-11.922370;120.092796;,
        -16.554010;-12.606250;120.596008;,
        -15.155990;17.688160;41.750050;,
        -14.359950;20.504589;38.333420;,
        -14.005400;18.376829;36.769428;,
        -6.248638;22.309002;-0.455246;,
        -5.306578;23.101229; 1.989517;,
        -9.714513;19.207119; 1.797127;,
        -7.202726;-15.559939;44.240738;,
        -9.990751;-16.004370;46.367451;,
        -9.667040;-13.158480;43.360229;,
        -3.999726;-4.929722;40.604080;,
        -4.410017;-4.813535;42.193550;,
        -2.355854;-7.265841;41.168167;,
        -11.293349;-7.031473;40.090458;,
        -11.637239;-5.555803;33.656059;,
        -11.681479;-8.229336;33.493958;,
        -12.657080;-15.404969;59.026390;,
        -10.804450;-19.519430;57.291748;,
        -9.275156;-19.716919;61.376537;,
        -7.276031;-4.029110;44.979401;,
        -7.291713;-3.068310;43.982178;,
        -8.939495;-4.378648;45.070030;,
        -7.871976;-4.156243;46.971077;,
        -8.134865;-2.616982;47.921841;,
        -5.837485;-2.489670;45.413097;,
        -1.598329;-43.752140;85.727600;,
         0.010945;-44.365417;85.726631;,
         0.033761;-43.791889;86.080681;,
         0.033761;-43.791889;86.080681;,
        -1.433137;-43.340248;86.076767;,
        -1.598329;-43.752140;85.727600;,
         1.664508;-43.722980;85.704720;,
         1.528906;-43.306297;86.066589;,
         0.033761;-43.791889;86.080681;,
         0.033761;-43.791889;86.080681;,
         0.010945;-44.365417;85.726631;,
         1.664508;-43.722980;85.704720;,
         1.528906;-43.306297;86.066589;,
         1.485729;-42.739868;85.780396;,
         0.042912;-43.187180;85.775024;,
         0.042912;-43.187180;85.775024;,
         0.033761;-43.791889;86.080681;,
         1.528906;-43.306297;86.066589;,
        -1.433137;-43.340248;86.076767;,
         0.033761;-43.791889;86.080681;,
         0.042912;-43.187180;85.775024;,
         0.042912;-43.187180;85.775024;,
        -1.371222;-42.772438;85.776131;,
        -1.433137;-43.340248;86.076767;,
        -1.371222;-42.772438;85.776131;,
         0.042912;-43.187180;85.775024;,
         0.045877;-42.643150;84.998100;,
         0.045877;-42.643150;84.998100;,
        -1.387724;-42.164318;84.984200;,
        -1.371222;-42.772438;85.776131;,
         1.485729;-42.739868;85.780396;,
         1.504863;-42.138138;84.993500;,
         0.045877;-42.643150;84.998100;,
         0.045877;-42.643150;84.998100;,
         0.042912;-43.187180;85.775024;,
         1.485729;-42.739868;85.780396;,
         1.504863;-42.138138;84.993500;,
         1.624768;-41.682091;83.765381;,
         0.027356;-42.180019;83.819229;,
         0.027356;-42.180019;83.819229;,
         0.045877;-42.643150;84.998100;,
         1.504863;-42.138138;84.993500;,
        -1.387724;-42.164318;84.984200;,
         0.045877;-42.643150;84.998100;,
         0.027356;-42.180019;83.819229;,
         0.027356;-42.180019;83.819229;,
        -1.541617;-41.694378;83.766251;,
        -1.387724;-42.164318;84.984200;,
        -1.541617;-41.694378;83.766251;,
         0.027356;-42.180019;83.819229;,
         0.003160;-42.504288;83.408386;,
         0.003160;-42.504288;83.408386;,
        -1.693605;-42.027069;83.336540;,
        -1.541617;-41.694378;83.766251;,
         0.027356;-42.180019;83.819229;,
         1.624768;-41.682091;83.765381;,
         1.754120;-41.993820;83.342834;,
         1.754120;-41.993820;83.342834;,
         0.003160;-42.504288;83.408386;,
         0.027356;-42.180019;83.819229;,
         0.003160;-42.504288;83.408386;,
         1.754120;-41.993820;83.342834;,
         1.628782;-42.612278;83.522964;,
         1.628782;-42.612278;83.522964;,
        -0.001377;-43.169250;83.533485;,
         0.003160;-42.504288;83.408386;,
         0.003160;-42.504288;83.408386;,
        -0.001377;-43.169250;83.533485;,
        -1.578019;-42.625370;83.513161;,
        -1.578019;-42.625370;83.513161;,
        -1.693605;-42.027069;83.336540;,
         0.003160;-42.504288;83.408386;,
        -0.001377;-43.169250;83.533485;,
         0.011264;-43.946960;84.604248;,
        -1.589216;-43.405220;84.603867;,
        -1.589216;-43.405220;84.603867;,
        -1.578019;-42.625370;83.513161;,
        -0.001377;-43.169250;83.533485;,
        -0.001377;-43.169250;83.533485;,
         1.628782;-42.612278;83.522964;,
         1.649501;-43.387367;84.589218;,
         1.649501;-43.387367;84.589218;,
         0.011264;-43.946960;84.604248;,
        -0.001377;-43.169250;83.533485;,
         0.011264;-43.946960;84.604248;,
         1.649501;-43.387367;84.589218;,
         1.664508;-43.722980;85.704720;,
         1.664508;-43.722980;85.704720;,
         0.010945;-44.365417;85.726631;,
         0.011264;-43.946960;84.604248;,
         0.011264;-43.946960;84.604248;,
         0.010945;-44.365417;85.726631;,
        -1.598329;-43.752140;85.727600;,
        -1.598329;-43.752140;85.727600;,
        -1.589216;-43.405220;84.603867;,
         0.011264;-43.946960;84.604248;,
         6.250447;-34.268948;84.780167;,
         6.222863;-34.128139;83.577194;,
         5.957987;-33.699070;83.583771;,
         5.957987;-33.699070;83.583771;,
         5.904612;-34.124058;84.978111;,
         6.250447;-34.268948;84.780167;,
         6.222863;-34.128139;83.577194;,
         5.813783;-34.481228;82.931358;,
         5.636884;-34.275688;82.926628;,
         5.636884;-34.275688;82.926628;,
         5.957987;-33.699070;83.583771;,
         6.222863;-34.128139;83.577194;,
         5.636884;-34.275688;82.926628;,
         5.185535;-34.184578;83.083534;,
         5.305377;-33.883118;83.789291;,
         5.305377;-33.883118;83.789291;,
         5.957987;-33.699070;83.583771;,
         5.636884;-34.275688;82.926628;,
         5.904612;-34.124058;84.978111;,
         5.957987;-33.699070;83.583771;,
         5.305377;-33.883118;83.789291;,
         5.305377;-33.883118;83.789291;,
         5.384394;-34.164078;85.013931;,
         5.904612;-34.124058;84.978111;,
        -6.245839;-34.104279;83.581696;,
        -5.908515;-33.687569;83.588425;,
        -5.588818;-34.254391;82.918259;,
        -5.588818;-34.254391;82.918259;,
        -5.791473;-34.450089;82.920830;,
        -6.245839;-34.104279;83.581696;,
        -6.180459;-34.276230;84.861328;,
        -5.799614;-34.162331;85.015236;,
        -5.908515;-33.687569;83.588425;,
        -5.908515;-33.687569;83.588425;,
        -6.245839;-34.104279;83.581696;,
        -6.180459;-34.276230;84.861328;,
        -5.799614;-34.162331;85.015236;,
        -5.295795;-34.197239;85.008148;,
        -5.237818;-33.893337;83.772118;,
        -5.237818;-33.893337;83.772118;,
        -5.908515;-33.687569;83.588425;,
        -5.799614;-34.162331;85.015236;,
        -5.588818;-34.254391;82.918259;,
        -5.908515;-33.687569;83.588425;,
        -5.237818;-33.893337;83.772118;,
        -5.237818;-33.893337;83.772118;,
        -5.139437;-34.177078;83.071831;,
        -5.588818;-34.254391;82.918259;,
        -5.048494;-36.478809;85.761475;,
        -5.656087;-36.456398;85.376907;,
        -4.337522;-39.989170;85.627335;,
        -4.337522;-39.989170;85.627335;,
        -3.831569;-39.837620;86.025810;,
        -5.048494;-36.478809;85.761475;,
         5.162911;-36.401909;85.733925;,
         3.932975;-39.774708;86.004524;,
         4.426746;-39.966591;85.582558;,
         4.426746;-39.966591;85.582558;,
         5.743306;-36.445747;85.324471;,
         5.162911;-36.401909;85.733925;,
         5.162911;-36.401909;85.733925;,
         4.629619;-36.166031;85.685822;,
         3.509784;-39.491970;85.888519;,
         3.509784;-39.491970;85.888519;,
         3.932975;-39.774708;86.004524;,
         5.162911;-36.401909;85.733925;,
        -5.048494;-36.478809;85.761475;,
        -3.831569;-39.837620;86.025810;,
        -3.415753;-39.538521;85.846199;,
        -3.415753;-39.538521;85.846199;,
        -4.542899;-36.196739;85.658760;,
        -5.048494;-36.478809;85.761475;,
        -4.542899;-36.196739;85.658760;,
        -3.415753;-39.538521;85.846199;,
        -3.340597;-38.878208;84.846848;,
        -3.340597;-38.878208;84.846848;,
        -4.464573;-35.792068;84.472031;,
        -4.542899;-36.196739;85.658760;,
         4.629619;-36.166031;85.685822;,
         4.530138;-35.777531;84.501907;,
         3.438218;-38.828720;84.872688;,
         3.438218;-38.828720;84.872688;,
         3.509784;-39.491970;85.888519;,
         4.629619;-36.166031;85.685822;,
         4.530138;-35.777531;84.501907;,
         4.663618;-35.602730;83.332130;,
         3.751332;-38.338169;83.594971;,
         3.751332;-38.338169;83.594971;,
         3.438218;-38.828720;84.872688;,
         4.530138;-35.777531;84.501907;,
        -4.464573;-35.792068;84.472031;,
        -3.340597;-38.878208;84.846848;,
        -3.688798;-38.375900;83.574615;,
        -3.688798;-38.375900;83.574615;,
        -4.616703;-35.600491;83.305038;,
        -4.464573;-35.792068;84.472031;,
        -4.952747;-35.849739;82.914764;,
        -4.616703;-35.600491;83.305038;,
        -3.688798;-38.375900;83.574615;,
        -3.688798;-38.375900;83.574615;,
        -4.011116;-38.666790;83.133041;,
        -4.952747;-35.849739;82.914764;,
         4.986203;-35.859818;82.930710;,
         4.067003;-38.639500;83.155174;,
         3.751332;-38.338169;83.594971;,
         3.751332;-38.338169;83.594971;,
         4.663618;-35.602730;83.332130;,
         4.986203;-35.859818;82.930710;,
         5.355314;-36.232208;83.111618;,
         4.150187;-39.426807;83.338844;,
         4.067003;-38.639500;83.155174;,
         4.067003;-38.639500;83.155174;,
         4.986203;-35.859818;82.930710;,
         5.355314;-36.232208;83.111618;,
        -5.327495;-36.214428;83.113220;,
        -4.952747;-35.849739;82.914764;,
        -4.011116;-38.666790;83.133041;,
        -4.011116;-38.666790;83.133041;,
        -4.104486;-39.434898;83.344872;,
        -5.327495;-36.214428;83.113220;,
        -5.643971;-36.302658;84.105400;,
        -5.327495;-36.214428;83.113220;,
        -4.104486;-39.434898;83.344872;,
        -4.104486;-39.434898;83.344872;,
        -4.338391;-39.869907;84.418144;,
        -5.643971;-36.302658;84.105400;,
         5.677224;-36.316200;84.086731;,
         4.407982;-39.845409;84.394806;,
         4.150187;-39.426807;83.338844;,
         4.150187;-39.426807;83.338844;,
         5.355314;-36.232208;83.111618;,
         5.677224;-36.316200;84.086731;,
         5.743306;-36.445747;85.324471;,
         4.426746;-39.966591;85.582558;,
         4.407982;-39.845409;84.394806;,
         4.407982;-39.845409;84.394806;,
         5.677224;-36.316200;84.086731;,
         5.743306;-36.445747;85.324471;,
        -5.656087;-36.456398;85.376907;,
        -5.643971;-36.302658;84.105400;,
        -4.338391;-39.869907;84.418144;,
        -4.338391;-39.869907;84.418144;,
        -4.337522;-39.989170;85.627335;,
        -5.656087;-36.456398;85.376907;,
        -5.799614;-34.162331;85.015236;,
        -6.180459;-34.276230;84.861328;,
        -5.656087;-36.456398;85.376907;,
        -5.656087;-36.456398;85.376907;,
        -5.048494;-36.478809;85.761475;,
        -5.799614;-34.162331;85.015236;,
         5.904612;-34.124058;84.978111;,
         5.162911;-36.401909;85.733925;,
         5.743306;-36.445747;85.324471;,
         5.743306;-36.445747;85.324471;,
         6.250447;-34.268948;84.780167;,
         5.904612;-34.124058;84.978111;,
         5.384394;-34.164078;85.013931;,
         4.629619;-36.166031;85.685822;,
         5.162911;-36.401909;85.733925;,
         5.162911;-36.401909;85.733925;,
         5.904612;-34.124058;84.978111;,
         5.384394;-34.164078;85.013931;,
        -5.295795;-34.197239;85.008148;,
        -5.799614;-34.162331;85.015236;,
        -5.048494;-36.478809;85.761475;,
        -5.048494;-36.478809;85.761475;,
        -4.542899;-36.196739;85.658760;,
        -5.295795;-34.197239;85.008148;,
        -5.295795;-34.197239;85.008148;,
        -4.542899;-36.196739;85.658760;,
        -4.464573;-35.792068;84.472031;,
        -4.464573;-35.792068;84.472031;,
        -5.237818;-33.893337;83.772118;,
        -5.295795;-34.197239;85.008148;,
         5.384394;-34.164078;85.013931;,
         5.305377;-33.883118;83.789291;,
         4.530138;-35.777531;84.501907;,
         4.530138;-35.777531;84.501907;,
         4.629619;-36.166031;85.685822;,
         5.384394;-34.164078;85.013931;,
         5.305377;-33.883118;83.789291;,
         5.185535;-34.184578;83.083534;,
         4.663618;-35.602730;83.332130;,
         4.663618;-35.602730;83.332130;,
         4.530138;-35.777531;84.501907;,
         5.305377;-33.883118;83.789291;,
        -5.237818;-33.893337;83.772118;,
        -4.464573;-35.792068;84.472031;,
        -4.616703;-35.600491;83.305038;,
        -4.616703;-35.600491;83.305038;,
        -5.139437;-34.177078;83.071831;,
        -5.237818;-33.893337;83.772118;,
        -5.139437;-34.177078;83.071831;,
        -4.616703;-35.600491;83.305038;,
        -4.952747;-35.849739;82.914764;,
        -4.952747;-35.849739;82.914764;,
        -5.588818;-34.254391;82.918259;,
        -5.139437;-34.177078;83.071831;,
         5.636884;-34.275688;82.926628;,
         4.986203;-35.859818;82.930710;,
         4.663618;-35.602730;83.332130;,
         4.663618;-35.602730;83.332130;,
         5.185535;-34.184578;83.083534;,
         5.636884;-34.275688;82.926628;,
         4.986203;-35.859818;82.930710;,
         5.636884;-34.275688;82.926628;,
         5.813783;-34.481228;82.931358;,
        -5.791473;-34.450089;82.920830;,
        -5.588818;-34.254391;82.918259;,
        -4.952747;-35.849739;82.914764;,
        -4.952747;-35.849739;82.914764;,
        -5.327495;-36.214428;83.113220;,
        -5.791473;-34.450089;82.920830;,
        -5.791473;-34.450089;82.920830;,
        -5.327495;-36.214428;83.113220;,
        -5.643971;-36.302658;84.105400;,
        -5.643971;-36.302658;84.105400;,
        -6.245839;-34.104279;83.581696;,
        -5.791473;-34.450089;82.920830;,
         5.813783;-34.481228;82.931358;,
         6.222863;-34.128139;83.577194;,
         5.677224;-36.316200;84.086731;,
         5.677224;-36.316200;84.086731;,
         5.355314;-36.232208;83.111618;,
         5.813783;-34.481228;82.931358;,
         6.250447;-34.268948;84.780167;,
         5.743306;-36.445747;85.324471;,
         5.677224;-36.316200;84.086731;,
         5.677224;-36.316200;84.086731;,
         6.222863;-34.128139;83.577194;,
         6.250447;-34.268948;84.780167;,
        -6.180459;-34.276230;84.861328;,
        -6.245839;-34.104279;83.581696;,
        -5.643971;-36.302658;84.105400;,
        -5.643971;-36.302658;84.105400;,
        -5.656087;-36.456398;85.376907;,
        -6.180459;-34.276230;84.861328;,
        -3.831569;-39.837620;86.025810;,
        -4.337522;-39.989170;85.627335;,
        -2.981481;-42.339748;85.686386;,
        -2.981481;-42.339748;85.686386;,
        -2.651635;-42.074787;86.046341;,
        -3.831569;-39.837620;86.025810;,
         3.932975;-39.774708;86.004524;,
         2.752299;-41.995331;86.017159;,
         3.059764;-42.275417;85.620346;,
         3.059764;-42.275417;85.620346;,
         4.426746;-39.966591;85.582558;,
         3.932975;-39.774708;86.004524;,
         3.932975;-39.774708;86.004524;,
         3.509784;-39.491970;85.888519;,
         2.521077;-41.522907;85.788017;,
         2.521077;-41.522907;85.788017;,
         2.752299;-41.995331;86.017159;,
         3.932975;-39.774708;86.004524;,
        -3.831569;-39.837620;86.025810;,
        -2.651635;-42.074787;86.046341;,
        -2.407503;-41.598598;85.763977;,
        -2.407503;-41.598598;85.763977;,
        -3.415753;-39.538521;85.846199;,
        -3.831569;-39.837620;86.025810;,
        -3.415753;-39.538521;85.846199;,
        -2.407503;-41.598598;85.763977;,
        -2.400000;-40.966778;84.923630;,
        -2.400000;-40.966778;84.923630;,
        -3.340597;-38.878208;84.846848;,
        -3.415753;-39.538521;85.846199;,
         3.509784;-39.491970;85.888519;,
         3.438218;-38.828720;84.872688;,
         2.532311;-40.890671;84.946198;,
         2.532311;-40.890671;84.946198;,
         2.521077;-41.522907;85.788017;,
         3.509784;-39.491970;85.888519;,
         3.438218;-38.828720;84.872688;,
         3.751332;-38.338169;83.594971;,
         2.776353;-40.329838;83.738602;,
         2.776353;-40.329838;83.738602;,
         2.532311;-40.890671;84.946198;,
         3.438218;-38.828720;84.872688;,
        -3.340597;-38.878208;84.846848;,
        -2.400000;-40.966778;84.923630;,
        -2.677480;-40.383339;83.724075;,
        -2.677480;-40.383339;83.724075;,
        -3.688798;-38.375900;83.574615;,
        -3.340597;-38.878208;84.846848;,
        -4.011116;-38.666790;83.133041;,
        -3.688798;-38.375900;83.574615;,
        -2.677480;-40.383339;83.724075;,
        -2.677480;-40.383339;83.724075;,
        -2.940721;-40.659458;83.231819;,
        -4.011116;-38.666790;83.133041;,
         4.067003;-38.639500;83.155174;,
         3.016739;-40.586491;83.260979;,
         2.776353;-40.329838;83.738602;,
         2.776353;-40.329838;83.738602;,
         3.751332;-38.338169;83.594971;,
         4.067003;-38.639500;83.155174;,
         4.150187;-39.426807;83.338844;,
         2.917003;-41.300648;83.439438;,
         3.016739;-40.586491;83.260979;,
         3.016739;-40.586491;83.260979;,
         4.067003;-38.639500;83.155174;,
         4.150187;-39.426807;83.338844;,
        -4.104486;-39.434898;83.344872;,
        -4.011116;-38.666790;83.133041;,
        -2.940721;-40.659458;83.231819;,
        -2.940721;-40.659458;83.231819;,
        -2.859007;-41.343590;83.438080;,
        -4.104486;-39.434898;83.344872;,
        -4.338391;-39.869907;84.418144;,
        -4.104486;-39.434898;83.344872;,
        -2.859007;-41.343590;83.438080;,
        -2.859007;-41.343590;83.438080;,
        -2.963958;-42.044991;84.538589;,
        -4.338391;-39.869907;84.418144;,
         4.407982;-39.845409;84.394806;,
         3.029713;-41.981430;84.491859;,
         2.917003;-41.300648;83.439438;,
         2.917003;-41.300648;83.439438;,
         4.150187;-39.426807;83.338844;,
         4.407982;-39.845409;84.394806;,
         4.426746;-39.966591;85.582558;,
         3.059764;-42.275417;85.620346;,
         3.029713;-41.981430;84.491859;,
         3.029713;-41.981430;84.491859;,
         4.407982;-39.845409;84.394806;,
         4.426746;-39.966591;85.582558;,
        -4.337522;-39.989170;85.627335;,
        -4.338391;-39.869907;84.418144;,
        -2.963958;-42.044991;84.538589;,
        -2.963958;-42.044991;84.538589;,
        -2.981481;-42.339748;85.686386;,
        -4.337522;-39.989170;85.627335;,
        -2.981481;-42.339748;85.686386;,
        -1.598329;-43.752140;85.727600;,
        -1.433137;-43.340248;86.076767;,
        -1.433137;-43.340248;86.076767;,
        -2.651635;-42.074787;86.046341;,
        -2.981481;-42.339748;85.686386;,
         3.059764;-42.275417;85.620346;,
         2.752299;-41.995331;86.017159;,
         1.528906;-43.306297;86.066589;,
         1.528906;-43.306297;86.066589;,
         1.664508;-43.722980;85.704720;,
         3.059764;-42.275417;85.620346;,
         2.752299;-41.995331;86.017159;,
         2.521077;-41.522907;85.788017;,
         1.485729;-42.739868;85.780396;,
         1.485729;-42.739868;85.780396;,
         1.528906;-43.306297;86.066589;,
         2.752299;-41.995331;86.017159;,
        -2.651635;-42.074787;86.046341;,
        -1.433137;-43.340248;86.076767;,
        -1.371222;-42.772438;85.776131;,
        -1.371222;-42.772438;85.776131;,
        -2.407503;-41.598598;85.763977;,
        -2.651635;-42.074787;86.046341;,
        -2.407503;-41.598598;85.763977;,
        -1.371222;-42.772438;85.776131;,
        -1.387724;-42.164318;84.984200;,
        -1.387724;-42.164318;84.984200;,
        -2.400000;-40.966778;84.923630;,
        -2.407503;-41.598598;85.763977;,
         2.521077;-41.522907;85.788017;,
         2.532311;-40.890671;84.946198;,
         1.504863;-42.138138;84.993500;,
         1.504863;-42.138138;84.993500;,
         1.485729;-42.739868;85.780396;,
         2.521077;-41.522907;85.788017;,
         2.532311;-40.890671;84.946198;,
         2.776353;-40.329838;83.738602;,
         1.624768;-41.682091;83.765381;,
         1.624768;-41.682091;83.765381;,
         1.504863;-42.138138;84.993500;,
         2.532311;-40.890671;84.946198;,
        -2.400000;-40.966778;84.923630;,
        -1.387724;-42.164318;84.984200;,
        -1.541617;-41.694378;83.766251;,
        -1.541617;-41.694378;83.766251;,
        -2.677480;-40.383339;83.724075;,
        -2.400000;-40.966778;84.923630;,
        -2.940721;-40.659458;83.231819;,
        -2.677480;-40.383339;83.724075;,
        -1.541617;-41.694378;83.766251;,
        -1.541617;-41.694378;83.766251;,
        -1.693605;-42.027069;83.336540;,
        -2.940721;-40.659458;83.231819;,
         3.016739;-40.586491;83.260979;,
         1.754120;-41.993820;83.342834;,
         1.624768;-41.682091;83.765381;,
         1.624768;-41.682091;83.765381;,
         2.776353;-40.329838;83.738602;,
         3.016739;-40.586491;83.260979;,
         2.917003;-41.300648;83.439438;,
         1.628782;-42.612278;83.522964;,
         1.754120;-41.993820;83.342834;,
         1.754120;-41.993820;83.342834;,
         3.016739;-40.586491;83.260979;,
         2.917003;-41.300648;83.439438;,
        -2.859007;-41.343590;83.438080;,
        -2.940721;-40.659458;83.231819;,
        -1.693605;-42.027069;83.336540;,
        -1.693605;-42.027069;83.336540;,
        -1.578019;-42.625370;83.513161;,
        -2.859007;-41.343590;83.438080;,
        -2.963958;-42.044991;84.538589;,
        -2.859007;-41.343590;83.438080;,
        -1.578019;-42.625370;83.513161;,
        -1.578019;-42.625370;83.513161;,
        -1.589216;-43.405220;84.603867;,
        -2.963958;-42.044991;84.538589;,
         3.029713;-41.981430;84.491859;,
         1.649501;-43.387367;84.589218;,
         1.628782;-42.612278;83.522964;,
         1.628782;-42.612278;83.522964;,
         2.917003;-41.300648;83.439438;,
         3.029713;-41.981430;84.491859;,
         3.059764;-42.275417;85.620346;,
         1.664508;-43.722980;85.704720;,
